#the number of patterns to be recognized
6

#marker 1
data/multi/a.pat
40.0
0.0 0.0
1.0000 0.0000 0.0000 0.0000
0.0000 1.0000 0.0000 0.0000
0.0000 0.0000 1.0000 0.0000

#marker 2
data/multi/b.pat
40.0
0.0 0.0
1.0000 0.0000 0.0000  100.0000
0.0000 1.0000 0.0000    0.0000
0.0000 0.0000 1.0000    0.0000

#marker 3
data/multi/c.pat
40.0
0.0 0.0
1.0000 0.0000 0.0000  200.0000
0.0000 1.0000 0.0000    0.0000
0.0000 0.0000 1.0000    0.0000

#marker 4
data/multi/d.pat
40.0
0.0 0.0
1.0000 0.0000 0.0000    0.0000
0.0000 1.0000 0.0000 -100.0000
0.0000 0.0000 1.0000    0.0000

#marker 5
data/multi/g.pat
40.0
0.0 0.0
1.0000 0.0000 0.0000  100.0000
0.0000 1.0000 0.0000 -100.0000
0.0000 0.0000 1.0000    0.0000

#marker 6
data/multi/f.pat
40.0
0.0 0.0
1.0000 0.0000 0.0000  200.0000
0.0000 1.0000 0.0000 -100.0000
0.0000 0.0000 1.0000    0.0000
